6.189912 12.185068 20.711243
5.657374 3.9341446 18.591403
-5.574998 -8.8170694 8.5017294
-9.2116884 1.2241057 13.170013
11.204077 6.8125718 8.0945757
9.3132819 -7.3995532 17.805078
-8.2663657 3.5955981 11.06382
0.84790603 -4.8126594 16.955477
12.37538 -1.396899 8.2634267
-7.7216012 4.4329802 20.196415
-4.8813082 -9.3107324 0.63253247
11.261197 -4.630957 20.028329
9.0048754 9.9236836 15.002083
7.2856465 -9.1161532 13.577513
6.3475907 0.5758573 9.3796974
-5.3813432 6.6261457 3.6671651
7.7301611 11.103062 17.540189
9.4215264 9.4638479 20.371971
-5.689827 6.4208047 2.8344729
11.069087 7.0710161 5.2707692
2.7285975 -4.4945898 19.11015
-1.4715559 7.9022439 14.205784
12.153423 -2.3382007 13.086376
0.44596737 -4.7845904 10.756529
5.8162596 -1.558345 0.073137656
6.2437591 2.2101994 4.7646544
6.2870507 1.9593709 20.547603
-5.8100652 -8.6293413 18.0863
3.9656921 6.102311 0.3020897
6.286172 1.9651128 10.201314
0.69667487 -4.8061112 8.7444623
8.0534955 -8.556848 16.230951
-7.7411901 4.4061771 10.251098
8.08734 10.802657 10.973856
-8.6406862 2.868187 16.423038
-6.2355104 6.0067078 12.415816
12.594353 1.5373709 2.6542483
-9.391626 -2.2690109 2.3041046
6.2451628 2.2028928 13.921013
0.56935001 -11.032454 20.938955
12.598646 0.56856702 7.2697998
0.9013478 -4.8138292 3.6971448
1.5282191 -11.02789 1.4256682
-3.4925207 7.5172058 6.4973136
12.550564 -0.18185609 7.0299558
-9.4479677 -0.25053194 7.8995189
4.4749134 -10.483908 19.996343
-6.8611043 5.4376782 15.105731
2.027404 7.3073031 16.366191
6.3478897 1.3971868 12.970832
6.3286108 1.6311319 13.634005
1.6277891 -11.022646 15.881949
2.1497395 7.2540405 3.104518
-9.0699742 -3.7576261 12.588527
6.0664997 -0.90973973 18.870782
3.2754412 -10.804348 3.61059
-3.40953 7.543751 17.19749
12.414764 3.1890169 1.4551689
12.524614 2.4285885 20.069433
-6.5524679 -7.9555587 6.6640946
-9.387328 0.30512417 0.10922464
10.689812 7.7311279 15.958646
12.380355 -1.3712337 6.4822762
-2.1971053 -10.564477 15.020369
12.291701 -1.7918191 1.6998979
-0.66320025 -10.914757 17.763436
-0.64526287 7.909108 15.0859
2.973605 6.8231805 18.278253
-0.58678159 7.906318 18.315354
-9.2475692 -3.0767354 15.992828
6.2380232 -9.7387128 14.058586
1.7136227 7.4323902 18.942594
12.600098 0.61357242 17.250709
-8.0647382 -6.0242274 17.485803
-2.8088841 7.707583 13.438277
3.7800731 -10.686716 3.2802908
-8.9287203 -4.1917235 16.446527
-7.7304257 4.420932 15.359513
2.9265061 -10.871526 11.859371
-4.3812653 -9.6171321 15.190334
11.408309 -4.3328391 5.0345
5.432007 12.61023 10.287029
-9.4200715 -2.0364831 8.8956563
11.762135 5.554108 16.709229
6.3313226 0.37574137 16.03161
2.6459447 13.692986 5.0166649
4.0043485 6.0686531 13.337296
4.9024974 5.1226199 4.8624495
11.944092 5.0455357 12.934702
7.2027041 -9.1710288 5.6385956
5.7585088 -1.6817109 20.815476
0.53333699 -4.7936149 15.966696
11.05447 7.0981795 10.125515
6.2830556 1.9852068 19.849207
2.4122087 7.1308363 7.5755037
-0.538735 -10.933073 1.7722118
3.2893706 6.6207755 19.918784
-8.7531512 2.6125697 14.507377
3.0517263 -4.3612637 12.92568
1.5390571 13.942539 18.794539
-7.2528185 -7.1791435 0.26330243
-6.5376077 5.7458594 6.3191528
-9.468875 -1.3942477 20.266696
-0.045790153 7.8596741 2.1439012
-7.0923884 5.196632 12.516456
5.8014558 3.6269725 9.8485312
-7.4313381 -6.95308 15.063838
9.1786587 -7.5402119 18.03629
-9.3249718 -2.6923052 3.8975666
-2.6215236 -10.424639 9.7098744
6.1562323 2.600175 18.969295
-3.5177526 7.5089426 0.46419468
10.77656 -5.4915305 15.968529
1.4828261 -11.029983 16.712892
-8.4559834 3.2474096 6.590869
-8.0767126 -6.004314 4.9523291
11.377826 -4.3963272 10.383487
2.7895355 -4.4713759 14.390344
-5.8800203 -8.571275 19.837308
2.3661671 -4.6149239 9.2255503
-6.025633 6.1741728 10.446121
2.0020786 7.3180083 2.0709764
11.99646 4.8854761 11.643188
0.68434366 -4.8053653 9.1495807
9.752149 -6.9066415 3.806556
3.7613531 13.342338 3.230048
1.310745 13.982396 19.608317
11.095785 -4.94357 2.8615778
-7.4089454 4.8343265 20.969445
-9.4076707 0.14974127 14.503033
6.0714136 2.9011463 20.181892
-2.3352056 -10.521122 16.285532
0.96608599 7.6680349 0.015206811
5.0539085 12.799454 6.8348996
6.191339 -9.7630859 11.426176
-5.8016601 6.3414523 6.4366327
7.8587023 -8.7079262 14.126782
4.1832535 5.906366 7.2599797
-7.4761567 4.7519979 20.592588
7.9357421 10.932744 7.4333345
1.7445532 -11.015353 0.40982505
6.0972466 2.8150415 17.067793
12.602482 0.7020838 20.639103
-3.7180981 -9.9676662 6.548552
5.6884153 -1.822268 7.9570771
6.1857231 2.4805863 15.708618
-5.5471388 -8.8385888 9.2994316
-3.617789 -10.015566 2.0977215
-2.8136841 7.7064669 20.845071
-7.6960426 -6.5916013 11.261501
-8.0435718 3.9632642 2.8255073
2.0607063 -4.6936463 2.7573001
1.2591419 -4.8064098 18.143867
1.4811663 7.514798 14.873722
0.58453016 -4.798142 20.963055
-3.8265683 7.4004184 17.130895
1.7217732 -11.016873 16.427037
4.2886493 -3.5814273 16.035931
1.6495198 -4.768186 19.00448
-5.1317526 -9.1422676 2.1655593
-5.4415408 -8.918803 4.4459179
0.71935436 -4.8073995 17.872861
0.74716793 -4.8088315 15.602268
6.3461683 1.4232216 8.506491
-6.994735 -7.4841503 6.4058781
2.7139351 -4.5000445 9.9580945
-2.5926902 7.7546977 3.039491
-3.4746341 -10.081711 10.381143
5.3030092 -10.177188 11.132609
2.727252 -10.904778 10.715091
3.9197536 -3.8650388 4.7768522
-8.1750478 3.7511544 19.634872
-7.575536 4.6264356 10.871534
-1.5006929 7.9004302 9.644479
6.1134871 -0.75633566 16.311498
0.93643737 -11.040548 15.409868
3.4128171 -10.774744 12.65002
6.2763429 -9.7185032 1.1955096
-9.0303665 1.8655685 1.5120672
-8.6429578 -4.9128114 13.349314
5.3204985 -2.4397973 18.40301
-8.0126976 4.0112133 8.9770683
5.1269117 -10.248573 14.876472
11.11616 6.9824762 1.4739925
3.9175816 6.1435333 0.40036839
4.7989255 5.2509682 10.674507
12.27982 3.854354 18.257526
5.6213742 4.0051297 16.769529
11.858318 -3.2594807 16.783915
10.088284 8.6267723 4.1183793
5.6350258 3.978452 15.001862
5.397489 4.4066019 4.5151769
2.3415786 -4.6220152 16.516656
3.6706141 -4.0300788 3.6150981
-2.5937853 -10.434382 4.3290918
6.3425452 1.4734768 9.753958
12.603277 1.2556482 1.5650566
6.3366059 0.43266802 12.528191
6.3172936 0.24579095 4.0107998
0.75681164 14.063054 19.631165
-7.4691133 4.7607213 6.4577626
-0.50069997 7.901417 9.6997345
1.3750804 7.549611 17.424819
-2.4031177 7.7909713 6.3028876
-4.5046187 7.1120302 14.902017
-6.6915442 -7.8136726 1.5666226
5.2791174 -2.4995799 15.754532
1.783585 -4.7477801 9.8470134
-8.3554537 3.4365536 19.843193
12.152883 4.3581521 0.29345186
7.8519297 11.003011 1.1381757
4.3557383 5.7390036 15.507426
6.2119853 -0.37317465 13.346867
12.051583 4.708857 19.550416
5.4459082 4.3249486 9.6801727
-2.1070284 -10.59166 10.770689
4.2448219 13.1573 8.9141034
-0.17957111 -10.977749 8.7342557
12.136191 4.4185926 8.15292
0.44900178 -4.7849314 17.966281
5.770681 -1.656314 17.283397
12.311861 -1.7022477 19.192117
-6.9353799 5.362269 17.556881
11.258433 6.704379 18.229839
6.9800781 -9.3133602 16.287332
2.1648611 -10.978858 9.0704864
-0.95808522 7.9166537 9.1580577
6.2771182 -0.037385577 4.7103992
6.1454999 -0.64257914 0.27687115
6.3414479 1.4877011 7.8952913
-6.4733844 5.8033788 17.609809
12.489882 2.7065426 6.0111101
-9.2935101 0.8564084 5.9667117
12.236024 -2.024613 6.8686872
-8.443129 3.272211 10.000394
-8.3038165 3.5296598 4.7456503
-8.0096884 4.0158509 20.20213
-5.8192269 6.3287402 6.4356227
10.567971 7.9258076 16.357437
0.25065462 -4.7584192 18.802191
2.4964298 7.088628 5.3281897
2.3132604 -4.6300167 3.0608201
2.7809354 -10.896182 7.1714217
-1.6849332 -10.707741 15.395828
2.2314049 13.797559 0.71114218
-8.7235903 -4.7254007 11.429014
-4.9909321 6.8594291 11.727353
6.286417 1.9635149 14.063358
-4.0397001 -9.805201 12.262465
6.8351276 -9.4022535 14.404091
-3.222599 7.6000206 16.085661
0.44666437 -4.7846689 18.850904
-6.3118022 5.9431148 20.302583
8.6387634 -8.0609661 19.021664
11.360751 -4.431483 3.7501671
9.1650781 9.7519321 20.548249
12.600772 1.3576703 18.857701
-2.6067511 7.7518204 0.61658947
-4.4253231 -9.5916579 5.9224695
6.637768 -9.5186554 3.9459241
6.32566 1.6597793 12.783824
10.347559 8.2599516 4.396442
-8.0084231 -6.1165046 20.952428
-3.4434584 -10.095776 0.35199823
5.5580694 4.1252279 9.2321914
-8.8581154 -4.3861026 3.116299
8.1095527 10.783265 13.050365
-0.13828579 7.8703356 15.841744
-1.1408811 -10.8307 5.892536
-4.4081573 7.1574416 11.070773
-3.8507949 -9.9022952 6.5612522
3.3989114 -10.777822 3.8165582
-4.7868813 6.9703398 16.364312
-5.9119259 6.2605222 16.99969
-1.1730245 -10.824251 15.189572
12.596322 0.5050295 0.95149929
-2.8994471 7.6860069 12.879295
-6.6444661 5.6475481 7.0395127
-6.4761156 -8.0311627 12.261114
-8.1773799 -5.8326163 19.176734
5.1933239 -10.222051 10.526722
-9.4772739 -1.0141973 8.7677004
10.3392 -6.1495518 16.788608
-9.2773899 0.9347472 18.702792
6.358531 1.1656786 10.78042
3.5611355 -10.740758 8.1842557
2.2672488 13.789049 19.543413
11.927044 -3.0658096 5.9373751
3.8659861 -10.664236 16.16868
-9.1900055 1.3111377 15.279247
5.1093664 -2.7291879 19.206768
-0.18738532 -10.976906 2.2285287
-2.4256351 7.7869073 18.66769
5.8433899 -1.4977181 12.495849
-8.1280197 -5.9177831 0.25367907
12.410069 -1.2114627 5.0046019
0.75875047 -11.038158 2.5961009
0.073613433 14.131766 18.496471
4.8730024 12.884912 17.077878
2.7744286 -4.4772128 16.030104
-2.0394611 7.847559 17.018129
-8.8669422 -4.3624843 14.327331
4.4834991 5.6074581 13.120843
-6.2864647 -8.2123148 7.7296494
2.318787 -4.6284689 4.2583845
-7.9141447 -6.2661648 5.7760755
3.5842453 -10.735272 10.112421
4.7958896 12.920366 8.4040161
8.374464 -8.2930555 14.748213
7.4487666 -9.0052139 6.7485799
-7.0336508 5.259617 1.0175165
-3.2139631 -10.195632 16.32721
11.783149 -3.4603227 11.62146
3.9112056 -3.8710356 1.4227364
6.6980377 11.862839 10.419707
9.5004869 9.3716732 17.558209
-5.9462818 -8.515307 9.6796161
4.8506507 5.1876388 16.380533
12.03018 4.7784989 10.326621
-9.4750015 -1.2030843 14.609993
6.7679572 -9.4424627 20.6863
-6.4594911 5.8156709 7.4166175
4.9044449 12.87029 13.061825
3.3865604 -4.1952138 10.833769
-8.6967255 -4.7890347 17.115678
2.8358211 6.9045988 10.270344
12.455219 2.9443572 15.360651
-0.17977232 7.8747549 14.922064
1.4153007 -11.032751 17.522644
2.5176552 -4.5682618 0.22940772
-1.7604158 7.87953 1.0159177
-9.407598 0.15033498 10.526614
-7.1785568 5.1019325 6.1254757
-8.3280463 -5.5599028 0.28964587
-4.7817773 -9.3748178 16.677735
5.0657468 -2.7845046 1.4129361
10.787574 7.5692479 6.5137348
8.7115762 -7.9945168 7.1401137
11.218274 -4.7142249 17.152336
12.207625 -2.1362549 0.091829625
0.34676875 -11.021573 10.370136
6.2652285 2.0930656 12.882409
3.9183375 6.1428912 7.8557053
-3.9476145 -9.8531311 4.1644722
-9.1885917 -3.3262084 18.79642
2.8046808 -4.4654696 20.72382
4.1276233 -3.7113989 19.357382
4.0115767 6.0623056 8.2827641
-5.6095841 6.4760979 13.908037
-8.9067522 2.2236118 11.342308
10.044229 8.6865552 4.4326691
-6.3647155 -8.1386892 6.4119281
0.32227675 7.8060698 0.28145017
-9.0252595 1.8813671 0.09580077
-6.2989297 -8.2006894 20.743525
6.2264709 -0.30645035 17.047736
12.521713 -0.45562809 16.17852
5.5148449 12.566802 18.96899
-6.4141116 -8.0914104 2.5992564
1.3337525 -4.8015338 2.0176704
12.120033 -2.4562405 11.580819
-5.3162406 -9.0112729 0.13686936
3.650396 -10.719285 2.6395593
4.2621047 -3.6035497 1.1713786
-6.6224451 5.6680797 16.016148
-3.1993364 7.6066851 1.4994327
6.278281 -0.030330651 15.0829
12.564638 -0.02153733 2.9485679
12.600608 0.63069958 12.929665
-8.0522272 3.9497 9.901693
5.4598548 12.595711 10.717404
5.9964187 -1.1154036 7.2459046
12.150769 4.3658717 1.7799172
9.8594607 -6.7773202 5.3718283
-7.6944515 4.469783 11.03701
-4.4409798 -9.5825364 2.95123
6.0165625 12.28796 2.5298894
-2.6710611 -10.407028 10.557516
5.1042806 4.8534277 6.0041774
-1.4588965 7.9029986 2.3513111
6.3540309 1.2863522 10.500972
-9.3003315 0.8221872 7.9359206
-5.6231533 6.4668426 5.6817351
-8.5497117 3.0605977 20.090512
-5.2495115 -9.0593503 9.6194266
3.3460029 -4.2169204 5.1454323
1.3707051 7.5510099 17.439599
-5.4539361 -8.9094969 6.3666482
6.3422086 0.50035649 0.69760773
-4.4057622 -9.6030031 20.738746
5.1569614 4.7784698 10.075301
-6.9664745 -7.5161151 12.674252
-9.466403 -0.54066831 10.841225
-8.5964351 2.963243 20.52248
-9.0767542 -3.7349095 5.1911645
7.0304175 11.634406 14.032086
-0.6293358 7.9083913 3.081364
-5.11197 6.790137 8.5075689
1.8220423 7.3910054 2.9831102
-5.7761557 6.3597878 7.2291663
3.1997522 6.6805479 11.548573
-4.5685238 7.081112 0.89106583
-9.4493739 -0.26853706 4.8711573
5.7356455 -9.9870464 8.3746045
1.9213883 7.3513934 2.5345111
5.0249116 -2.8350441 9.2952315
-7.6504029 4.5286578 1.0804986
-8.6681137 2.807783 20.929579
0.66847108 -4.8043578 14.581903
-0.27033931 -10.967599 12.915455
5.9405893 -9.8894114 12.960247
3.449138 6.5093822 17.424523
4.4811921 5.6098942 20.564997
4.3722908 -10.516914 9.1861297
10.80834 -5.4398412 17.770417
1.8221305 13.887681 8.3387564
-8.8855368 2.2805815 8.8278078
10.486012 8.0526489 18.73175
-8.0267608 3.9894561 7.2588958
11.844125 -3.2982333 16.976672
12.513146 -0.52734035 20.879802
6.2794041 -0.023468725 16.402339
-4.5525957 7.0888809 17.887984
-9.4368984 -1.8701038 13.872832
5.3520601 -10.156694 5.7143677
-8.0092371 -6.1151866 5.0577079
-8.4445687 3.2694426 8.9443956
-7.7516485 4.3917803 12.548721
4.0763361 -3.7507359 8.8208651
-7.6602077 4.5156409 16.118007
-2.4961655 7.7737518 0.53952597
2.1648768 7.2472693 14.548654
12.547423 2.2115769 15.822203
9.108998 -7.6112088 20.024716
6.2307755 12.160305 8.1337636
-8.5208621 -5.1780759 1.1792831
0.64818039 -4.8029923 7.8821441
-6.3696805 -8.1339654 13.807777
12.243675 -1.9937715 14.737097
2.9822989 13.598073 1.9054733
5.9023302 3.3844514 19.907729
3.8780177 -10.66103 11.231826
-9.4252335 -1.9884237 19.115048
7.9827416 10.89283 6.4955284
4.8710986 -10.346268 15.222795
5.7454116 3.751249 8.0526376
-7.9609051 4.0901663 18.876334
6.3267208 0.33022249 1.4371992
4.0097405 13.249869 5.5649931
-1.6887289 7.8861499 13.115786
2.3077258 -4.6315599 14.285862
8.7761518 -7.9346405 15.474918
11.000076 7.1979443 19.592591
3.1873505 6.6886706 12.908094
4.9492798 5.0625675 15.504407
7.9983492 10.879493 13.367044
5.6137079 -1.9625347 3.5727976
7.1874332 11.521329 5.7190473
3.6879088 -10.710031 17.061404
12.585675 1.7117821 8.4684803
6.1530195 2.6126492 13.861736
-8.2072193 3.6971666 6.0072387
3.7891228 -3.9540486 20.189052
12.555476 2.124974 12.107676
-8.3462349 -5.5255691 20.299205
1.0185705 7.6542109 10.79234
-3.1482704 7.6210549 18.14869
12.21715 4.1138224 4.7318777
-2.9424827 7.6753699 5.1125557
3.4604757 -4.1544784 18.875355
6.2761002 2.0286394 14.893149
2.3290859 -4.6255668 20.478012
-8.1310529 -5.912605 9.6508494
5.3480441 -2.3990912 15.577266
-9.4247484 -1.9930395 14.048312
5.1915422 -2.6210172 0.62186139
9.8939072 -6.7350109 7.3574782
-3.1600757 7.6177646 1.7233887
12.417871 -1.1674736 1.277587
2.1922417 -4.6622313 15.961994
-6.2456134 -8.2501458 13.184449
6.2978102 12.119257 11.139806
3.0296177 6.7889161 20.7745
11.339256 6.5387059 6.3622039
4.6362571 -3.2637188 3.7947263
3.0765146 -4.3499719 11.954252
5.5616107 4.1186595 9.7980138
7.9631738 10.909493 8.2368118
2.9746715 -4.3953783 0.57554358
4.3669268 5.7277513 7.1710701
0.062379876 14.132615 20.503331
6.1074254 2.7799034 12.115635
-9.4087339 0.14102203 16.183443
2.9273243 6.8509784 13.154641
0.63382217 -11.034762 15.394049
5.2994643 12.678226 3.1361684
9.64959 -7.026848 8.7074631
-0.056237755 -10.990313 1.4486795
5.6126763 -1.9644092 18.568075
4.3931154 -3.4915598 17.47188
0.67757771 -4.8049423 6.6194207
3.0658838 6.7663632 18.859143
12.258292 -1.9338791 15.815058
1.9094839 13.869525 3.2035388
0.7943547 -4.8108892 15.02369
12.327813 -1.6290765 17.674401
-4.3961253 -9.6085719 16.452609
-8.4256033 -5.3718167 20.95442
5.2293987 4.6718507 12.308395
12.388713 -1.3274493 7.5763917
4.415204 5.6786181 7.8520885
8.6358552 -8.063597 20.73162
-0.72277451 -10.90547 18.631364
6.0695356 2.9072452 3.8982586
-5.9365831 -8.5235587 5.126762
-5.7225647 -8.7005294 5.1842569
-0.73740628 -10.903137 3.6501165
6.3609687 1.0093406 7.0204087
-3.0000782 -10.283 8.5307218
6.3137923 0.21683276 13.099307
-9.1234546 -3.5726137 18.858151
-4.1993256 -9.7193579 14.262467
2.0138922 -10.993815 2.7624012
1.1149491 -11.040067 9.9306845
11.901127 5.1718462 20.316412
0.58582487 -4.7982493 10.47402
1.6378789 7.4601792 8.3387218
10.513116 -5.8990114 20.752691
1.8484283 7.3806435 16.134897
8.5697464 10.361359 20.646039
1.2592764 -11.03757 5.0246797
3.4889741 -4.1383611 9.7974693
3.3232156 -4.2289185 0.74233328
0.54137118 -4.7943624 15.480055
5.7694834 3.6986842 17.843641
-9.4658124 -1.4613386 10.850668
-8.3392168 3.4661119 3.0153881
3.8281875 -10.674215 16.316639
-7.2715471 -7.156038 9.396544
-9.4757631 -0.82422939 3.474712
3.4875368 -4.1391795 5.388075
6.3298164 1.6190526 15.316059
-3.501731 7.5142 1.2874154
3.7387853 6.2905152 2.378876
9.9622003 -6.6499442 17.107468
1.3950268 7.543197 9.6918374
-2.8442851 -10.343271 19.084624
1.769063 13.898427 18.822617
-9.4484102 -0.25615065 4.3465319
6.4560466 12.020229 18.355959
12.500693 -0.62583084 4.9831217
9.367439 9.5260176 14.370381
5.0567586 -2.7957305 20.16254
12.120295 -2.4553319 8.9581309
10.098282 8.6131059 3.657614
6.1571273 -0.59903533 8.3448141
5.3540918 -2.3900533 14.089602
9.3570948 -7.3527637 10.186312
5.7178956 -9.9952698 8.0344296
-1.5320541 -10.745279 11.833924
8.6679773 -8.0344394 10.287632
-0.3620339 -10.956564 3.2574486
11.608991 5.9371673 13.674138
3.9672888 6.1009303 15.266895
-6.2850353 5.9655964 0.077165214
6.0893915 2.8416749 19.092001
1.6620847 -4.7664324 13.899077
3.7930618 -3.9514457 1.0424299
12.561263 2.0583507 9.4967208
-0.51237408 7.9021372 3.4459784
-8.6464562 2.8555768 9.8842199
9.6760364 9.1604628 17.292849
5.730554 3.7831148 17.849737
12.369842 3.4314479 20.248749
-1.0307856 -10.852028 17.06642
11.210593 6.7997335 5.5521981
-9.2549484 1.0385177 4.3333789
0.97430664 14.034074 19.576516
-3.0294643 7.6531112 8.2601142
-9.2985304 -2.832963 1.3098077
6.3601472 0.88376732 0.91986944
-9.4415174 -0.17303449 0.12893481
-6.4575277 5.8174037 17.159342
-0.64275208 -10.917867 19.218796
0.72781015 -11.037449 15.574443
5.3758978 12.639237 4.2803763
6.3376468 1.5341166 4.918545
4.9916647 -2.8753359 18.868362
-8.2095704 -5.776012 16.54284
3.9674304 13.266005 3.8425175
1.0954231 -4.8130883 10.620452
12.141592 4.3991607 1.2806768
1.2444317 -4.8072358 2.8409305
-9.4465374 -1.7585714 0.46708129
6.3353366 1.5604897 18.266322
5.1073595 -10.256289 12.896562
4.9709052 5.0343475 7.1219793
7.8883825 10.972592 14.398895
5.7750997 -1.6470172 4.564993
-9.4293241 -1.9486112 4.8600511
10.976678 7.2402355 9.2865409
7.0240576 11.638915 7.011319
-0.12980808 7.8694049 5.596644
-7.339268 4.9175787 15.85481
-8.8167969 2.4576816 8.7422
6.0379131 -0.99658407 19.959812
5.742119 -1.7154266 17.568163
-9.278175 -2.9341312 18.813399
6.1094272 -9.8051978 5.3609286
-4.8944559 6.9127781 10.943295
-1.8949824 7.8653466 7.0718633
3.238513 6.654929 13.779968
12.191696 4.2129455 8.291798
-3.9316974 -9.8612997 2.1141576
5.3328075 4.5118467 9.7001648
2.8572962 13.634414 11.683535
-2.6239912 -10.423769 6.3488222
5.6947167 3.8582619 13.245965
1.5343218 -11.027594 11.01021
-0.087323475 -10.98728 6.4866532
5.7129308 -1.774163 9.7250239
1.0361393 -4.8141423 2.7843573
4.4632609 5.6287516 15.981933
5.1734379 -2.6453101 2.8333467
3.2613642 -4.2607767 9.053784
12.534194 2.3417414 18.044775
6.3588698 0.82345386 9.8066052
1.5094229 -4.7855231 6.0108029
6.8881065 -9.3701023 1.3705982
-9.1960727 -3.2961269 13.797358
3.7608095 6.2729221 13.235526
-2.6603801 7.7406082 15.36217
0.58563038 -4.7982332 20.053058
11.319214 6.5803476 7.7558802
12.268318 3.9037919 1.4574612
4.8213793 5.2236612 18.218001
-7.9946067 -6.1388065 6.1879444
6.1983116 -0.43310185 11.62087
-6.4969435 -8.0106955 16.425303
0.16485468 7.8311987 1.4737082
-0.82808647 -10.888223 13.300521
12.331429 3.6205633 0.86337082
-8.086765 -5.9875156 0.50883935
2.5523743 13.717776 15.156566
11.255671 -4.6417662 18.601534
6.0965286 -0.81339039 19.680945
12.563433 -0.036244705 19.419028
6.33766 1.5339629 15.882666
-2.7687968 -10.371473 7.9257496
0.24227764 -11.014902 17.517888
10.046662 -6.5424898 14.419556
-3.5177062 7.5089579 11.659203
-7.5629786 4.6425625 1.8093818
-9.1472889 1.4729542 11.650126
-5.4758871 -8.8929456 14.267533
6.3464986 0.55944882 8.9776797
0.090320645 -4.7306173 3.4210805
11.170136 -4.8057767 14.563273
-9.4745696 -1.2218882 10.902613
6.0850745 2.8561399 16.811503
4.7074279 -3.1916168 16.347276
6.1713159 -0.54406648 19.488683
-5.5044842 6.5464982 15.250569
-5.5208757 6.5356671 2.0030089
2.4818508 -4.5797553 9.4352921
7.0839009 11.596271 20.508763
6.0501636 -0.95990696 20.347827
-3.8566842 7.389093 13.550672
1.5929898 7.476218 1.9476888
6.2998125 0.11090944 16.212799
10.888235 7.3968585 8.4833924
0.77400401 7.7152678 5.8738705
6.8946835 -9.3660838 4.7553966
-5.7320794 6.3911413 3.0409286
-4.9712893 6.8704251 1.9486852
-9.4639913 -0.49300412 14.757129
6.3061078 0.15688924 14.305454
-9.3965286 -2.232082 9.6104348
-2.5565525 -10.447324 11.179252
0.7398055 -4.8084683 6.265293
12.592603 0.4177045 8.4629207
11.801209 -3.4130324 3.2018182
3.2635567 -10.806825 16.594291
-8.4870011 3.1867744 4.1697607
3.8562564 -3.9090034 10.383927
12.359573 -1.4765937 6.3685368
6.3311278 1.6056445 3.1068291
-7.7540121 4.3885181 20.244297
0.58894685 -4.7985064 15.474962
1.7508246 7.4184046 10.893713
11.959201 5.0000747 18.863893
12.58245 0.22843101 14.847011
0.01763187 7.8517162 8.291213
11.737279 5.6187466 13.486035
-9.0646364 1.7569181 6.3910114
-8.4000722 -5.4219954 1.7816213
-4.8415289 -9.3365363 18.593657
-0.49189115 -10.939587 1.9734675
-4.7807596 -9.3754649 19.975552
1.9349102 -11.000814 12.981786
-9.4769138 -0.90962417 15.972053
4.9326136 -10.323417 13.035211
-9.4699945 -1.3667165 12.163872
-5.6509394 -8.7576375 5.8979155
4.2671928 13.148231 2.0950577
12.391109 -1.3147359 15.152879
1.1278264 7.6241514 17.670218
-6.944618 -7.5406527 17.246252
5.5921855 -2.001312 11.414855
4.8167785 5.2292792 7.6524586
11.783339 -3.4598286 10.519637
0.1223253 -11.006008 6.9383544
0.61997577 -4.8009492 4.841483
-8.3668945 -5.4861735 12.70349
-8.1840722 3.7360973 0.99417313
10.337901 8.2741005 15.467537
3.4191683 6.5307625 10.242376
3.0634994 -4.3559201 20.7013
-8.9810783 2.014156 20.548026
2.1382313 13.819211 2.9883933
8.9579516 9.9728605 19.508086
-8.3836226 -5.4539579 0.33235113
-1.4635337 -10.761341 15.282357
10.087688 -6.48937 15.408932
4.8094926 -3.0835006 1.4269257
0.047773144 -4.7222636 16.747155
-9.0675687 -3.7656378 9.5193396
0.30853914 -4.7670477 4.4250212
-8.0395771 3.9695063 15.440274
6.3131643 1.7694996 12.125235
10.999575 -5.1158024 16.578648
-4.6174591 -9.4771908 1.7376547
0.70820195 -4.8067795 7.891347
11.228958 6.7633578 4.2201241
9.2828694 -7.4317357 13.560349
10.188362 8.4882985 2.6013816
9.0367891 -7.6835585 10.657979
-3.5858451 7.4861921 2.2169407
0.1640667 7.8313162 0.61119757
-9.4562262 -0.36366157 1.0641985
-8.2321492 -5.7357896 3.8371535
9.6971237 -6.9715367 10.702955
10.563173 -5.8243069 13.599843
-9.1709316 1.3848679 10.701324
11.748949 -3.5483039 12.582882
-8.8121543 2.4692594 7.0647643
6.2438346 2.2098074 15.19347
-7.4425832 -6.9383888 2.4793968
-0.017242449 -10.993992 10.916621
1.0539944 -11.040556 20.898528
7.0110546 11.648116 6.5803188
9.910282 -6.7147591 10.621822
7.211773 -9.1650783 17.215403
12.261564 3.9324209 6.2727554
1.1973114 14.000755 14.880511
-9.455313 -0.35016486 18.259479
-3.6907947 -9.9808324 13.786002
11.29624 -4.5617819 18.106002
-7.9139988 4.160129 19.458561
-9.4010716 -2.196839 19.713405
6.3219936 0.28658687 13.980092
5.6050099 -1.9782893 12.552292
5.9735085 3.19516 8.4950588
4.7836901 -3.1113777 2.8145657
5.8750461 -1.4245842 6.3410651
-8.2875746 3.5584159 9.6668694
11.055321 -5.0168134 10.56879
3.4814954 6.4860412 16.02166
5.8315081 3.5574494 19.829792
10.052789 8.6749943 13.646759
0.3300061 -4.77006 19.873773
-6.8767752 -7.6158177 9.7380371
-9.0580294 -3.7971666 5.6946103
-1.3432037 -10.788412 1.4571495
1.4293336 7.5320229 3.9350687
5.6567779 3.9353369 7.3297886
-6.0701624 6.1395336 19.200382
2.4073438 7.1332339 0.28902622
0.60058231 -11.033619 20.738128
7.4502433 11.324261 3.654489
-0.73398712 7.9125093 8.4620635
-8.3054734 -5.602068 8.3844649
5.2514499 -2.5386703 16.498805
6.3038243 0.13991446 10.62356
3.6032899 6.3957294 11.809911
-8.56612 -5.0821293 14.725994
-9.2034149 1.2577415 5.9928477
5.9568398 12.322613 20.719373
5.6342352 3.9800048 4.710677
-9.0376847 1.8427573 10.520036
-9.3740585 -2.393268 9.0282989
11.30195 -4.5504069 10.836051
6.3312019 1.604878 0.98402114
9.9983674 8.7480525 20.257715
8.9713745 9.9588443 1.381106
0.60326047 -4.7996587 10.710402
9.7229188 -6.9412318 14.813232
6.4952577 11.995221 13.123007
12.157763 -2.3225199 4.7773748
8.827133 10.107363 13.24422
6.2844187 1.9764687 3.2162352
0.79256835 -11.038834 6.5265806
8.5307362 10.398679 13.635652
-0.7844763 7.9139984 17.547123
-6.4879974 -8.019501 0.37175988
-4.8767504 -9.3137019 8.4924217
0.15083934 -4.7417903 16.789806
2.3565739 13.767408 3.3512252
10.706481 7.7038956 6.5609623
2.7364922 -10.903317 13.252626
-7.4618626 4.7696777 12.411428
3.6015008 -10.731143 1.1440599
-5.3481338 -8.9880101 18.259102
2.3373251 7.1672577 15.287734
12.488878 2.713903 0.34768527
5.0217127 -2.8389537 15.625791
2.8618269 6.8895385 6.1252043
4.4744591 -3.4183556 15.886124
-4.8056244 6.9604548 2.1787359
0.0015308063 7.8537866 4.7760156
6.8290833 11.774508 10.246804
12.600311 0.62065477 18.338648
4.6374403 5.439503 12.160583
2.0128061 -4.7041654 8.8470901
0.26430303 -4.7605204 17.07867
-7.7359445 -6.5340716 14.600716
7.7999055 -8.7522523 9.2672677
11.934365 -3.0445553 9.8845418
-2.9033373 -10.320756 18.50988
4.9463681 5.0663446 13.547524
5.9383973 -1.2695003 3.0708668
-1.5409161 -10.743168 4.4601105
6.6310021 11.907173 2.6453215
12.234662 -2.0300711 11.258004
8.2370168 10.67031 17.637011
1.6693172 7.4487562 5.0380508
4.139375 5.9471913 0.46896564
-9.1975309 -3.2902155 3.1150422
6.2480634 -0.19959752 9.9895116
6.1247383 2.7183999 18.438531
6.0152479 3.075314 18.127409
-1.517058 -10.748835 20.918726
2.4858296 -4.5784924 15.903726
5.7105696 3.8253114 18.600992
0.07937682 -11.002502 7.7423865
1.6015415 7.473187 15.035051
1.8929699 7.3628915 5.999979
5.6068872 -10.045869 16.579093
5.7106072 12.461275 4.313841
5.6179738 -1.9547659 9.0268273
3.2134982 -4.2847298 13.205614
5.4488962 -2.243345 11.746328
6.2782746 -0.030370021 5.173221
9.8597915 8.929479 13.787005
5.7520582 -1.6950454 2.7787245
-4.7502687 -9.3947757 10.781597
4.1310316 5.9548772 5.7539817
5.9313668 3.3093036 12.334277
4.8250368 -10.363115 5.6371657
-8.8510462 -4.404886 16.469769
7.1325322 11.561255 3.120885
0.25563532 7.8171125 16.239141
3.9611926 -10.638478 10.91812
6.9148116 11.715512 12.321027
-7.3252603 -7.0889946 10.898565
11.76161 5.555484 2.9519314
8.2972805 -8.3582427 6.6343083
-3.502719 7.5138768 18.086859
6.0872078 -9.8164787 9.102424
6.2425745 -0.22770147 1.2488687
5.5054176 12.571781 18.603084
6.3087578 1.8046667 5.3756758
10.325395 -6.1688683 6.0385556
-5.0580913 -9.192912 4.7027932
6.2365109 -0.25797171 12.415666
1.4440465 -4.792225 11.850942
3.039766 6.7826345 18.184895
3.7343203 13.352076 4.6126355
6.1489453 12.209697 6.3259964
5.745167 3.7517771 12.328165
5.2373955 12.709446 18.943025
1.3789544 -11.03407 10.998659
2.5901589 -4.5440956 14.043761
-6.1053759 -8.3769547 14.214506
-4.4978747 7.1152541 20.011387
6.0443795 2.9870218 13.102651
6.3608906 0.95016447 9.6158959
3.5981007 -4.0744767 13.603053
0.33433265 -4.7706548 20.556203
11.091438 -4.9514959 8.8504254
0.81428385 -4.811618 20.491532
11.855862 5.3005009 10.890755
-1.4466886 7.9037072 11.400806
5.7514444 -9.979696 7.9616324
4.054814 13.232505 17.832564
6.1463541 -0.6394239 11.457182
6.2443873 -0.21849608 17.118149
1.431937 7.5311676 10.200731
1.364021 -4.7992287 2.4400735
-1.8344189 7.872014 3.0120713
1.2593935 -4.8063952 16.478397
11.350382 -4.4526937 5.647647
0.10244055 14.129546 11.691869
4.9570085 -2.9165456 2.849828
-4.2688353 -9.6808619 8.9153148
5.6566876 -1.8829581 1.2102868
1.6632902 7.4509583 16.733143
5.7147229 -1.7706034 11.749724
5.8680715 3.4698437 16.198552
-4.7415675 6.9939893 20.895299
5.7238348 -1.7524114 1.8807844
5.3368176 4.5054427 15.147914
8.4926467 10.43483 20.943831
-4.3499194 7.1841348 2.2698597
-9.477282 -1.0098009 9.5919136
4.2908481 -3.5795821 2.7940875
0.99854741 -4.8144339 14.78061
6.2019327 -0.4174981 6.4317167
12.601452 1.333052 1.3507219
11.804917 5.4403626 3.6492576
6.3563174 1.2325894 4.0425315
1.1505252 14.008049 14.077388
4.7363824 -10.394911 8.1283353
12.10339 4.5341572 1.4756313
-9.0631996 1.7615697 14.30202
-9.3804719 0.35336692 17.979218
3.1053992 6.7414557 2.0390528
2.8722762 -4.4384389 8.2291012
4.4505816 5.6420028 7.8950125
6.3578812 1.1876572 10.825878
9.4062104 9.4815316 18.779594
5.3899302 -2.3357272 13.478242
0.61157082 -4.8003077 4.2687958
-2.7540217 7.7201233 1.4465163
3.3530584 -10.787842 16.803043
11.3116 6.5960675 8.8842395
-6.5381301 -7.969877 18.738652
6.161831 -0.58104484 20.830059
1.2024641 7.6026102 8.4184019
5.5896171 4.0660993 7.1544632
0.37995225 -4.7766776 6.6515577
-4.7669706 6.9807746 7.6500413
-1.7086215 -10.701712 12.93038
3.9594119 -3.8368932 12.546491
9.8143968 -6.8320793 14.390005
3.901857 13.290699 20.450231
5.017291 -10.291299 5.8868647
10.693525 -5.6238971 3.6533308
5.4564012 4.3069094 19.360088
6.3126405 1.7737628 5.4651326
4.4151092 5.6787156 7.8762936
4.9147925 -10.330078 13.539587
2.9182413 13.616854 6.6458357
-2.9457945 -10.304319 4.0407373
-8.9485789 -4.1346427 4.8966305
12.583005 1.7574316 4.6167071
11.744035 -3.5607826 1.6682067
0.17016006 -11.009714 2.601353
0.44879818 -11.027122 11.289274
12.357863 -1.4850524 14.466114
3.8072147 13.325673 15.122504
-9.2310144 1.1433219 19.714837
12.278306 -1.8496842 0.17269836
-2.5210666 -10.459516 12.215324
1.9119642 7.3552213 11.683283
-0.59106575 -10.925551 14.476926
-1.8643411 7.868778 15.980007
7.4561368 11.319726 17.310131
-9.2457297 1.0795531 11.081548
4.212282 -3.6443182 7.1717959
0.74676391 -11.037894 1.4340421
-9.4711119 -1.3370411 5.5448627
5.9100952 3.3646155 20.877533
6.0333459 -9.8435742 8.0943593
3.2121079 -4.2854165 16.511259
4.577349 13.01774 18.261825
6.1779739 2.5129567 1.7891056
6.2223751 -0.32568249 10.157884
-2.8416098 -10.344282 17.735572
0.01013851 -4.7145286 9.78263
-0.17067818 7.8738053 12.583962
3.8110655 6.2322471 4.3712546
2.0910634 -4.686726 10.8582
4.331703 -3.5449391 3.3181605
-5.6715991 6.4334842 15.63194
12.262714 -1.9154984 10.270617
12.13172 4.4345902 13.642525
1.0390673 -4.8141073 0.87686208
6.2441994 -9.735468 7.0311356
12.583349 1.7517034 9.1004802
6.381612 -9.6620312 2.0704075
5.6318789 12.504208 14.299381
-1.0578893 -10.846887 0.56958839
7.6574661 -8.8572578 6.7378105
-0.87134655 7.9158039 1.1020805
11.5837 5.9972019 7.7607085
-1.0438944 7.9165589 8.0613947
2.8033917 -4.4659745 7.0534305
5.3811429 -10.144416 18.704487
5.2735928 12.691287 5.000884
6.1639648 -0.57280906 1.7001217
-6.0888005 6.1248949 6.3313015
4.3373327 -3.5401117 3.7805082
-7.9751598 4.0686178 15.039482
12.175615 4.2739359 16.595563
-4.3873699 7.1670316 6.9578801
4.8834661 5.14667 16.413928
-1.5869568 7.8944328 16.309844
7.7176561 -8.8132923 2.1985661
-1.6126837 -10.725776 6.9085712
7.2933589 11.443097 5.4832224
12.561177 -0.06324353 8.1563862
-8.7783056 2.5523194 18.844847
-3.6198171 -10.014611 16.102329
2.7426056 -4.4893312 5.130104
-9.0561434 -3.803355 9.5475985
-8.2346387 3.6504618 5.7195082
12.344984 3.555477 8.8868083
12.502226 2.6133002 14.6786
-8.8518097 2.3688436 17.166075
10.987138 -5.1375947 17.334961
-1.0952531 -10.839683 8.4685632
0.0017717668 -4.7127646 13.683575
5.6206705 -1.9498405 3.2010576
-9.3655367 0.45274776 7.1380261
1.793407 -4.7461377 0.40499254
5.7618639 3.7154512 16.134139
0.40063294 7.7923208 9.6154409
10.709358 7.6991806 0.91470887
1.4088621 7.5387123 2.0907983
4.9296623 5.0879134 20.09541
-7.0970565 5.1915726 12.784875
12.605672 1.077675 5.1816633
6.3603627 1.0785218 19.519908
-9.473647 -0.73174753 9.0284877
-8.0806856 3.9047172 1.0284795
0.56775026 7.760209 19.002452
-3.537033 7.5025677 20.542921
11.461992 6.2750441 13.813409
9.2485556 -7.4677592 15.266191
11.595972 5.9681756 10.261231
-8.3059913 3.5257905 14.401435
11.616619 -3.8712632 7.6217641
5.6963537 -1.8068099 8.4209242
3.0764766 -4.3499893 10.801407
-3.166776 7.6158887 0.95571056
-3.0443572 7.6491978 20.81853
-9.1692406 1.3912856 6.5017909
3.9315706 13.279556 5.3859014
-0.65207692 7.9094047 12.81217
4.88743 5.1416786 9.3866386
-7.1234036 -7.3351231 8.7872197
-9.4084178 -2.1375299 8.64868
6.2496486 -0.19134963 14.995189
-9.2202989 1.1885087 2.158338
-9.3811823 0.34845115 7.983616
12.604676 1.1748046 15.801461
11.910234 -3.1141432 3.1325797
12.458506 2.9230848 13.878531
-5.3450056 -8.9903 4.9758053
-8.177768 -5.831939 15.279868
-5.1722044 -9.1140582 5.4291761
4.6894641 -3.2100629 9.8597234
6.185275 -0.48781327 18.007804
-5.9132984 6.2594976 17.501671
-8.4175468 -5.3877268 9.9955179
4.1464542 5.9406508 7.1428255
10.831856 -5.4012138 11.386497
-4.1142641 7.2867005 11.791557
1.440674 -4.7925468 19.429572
-7.0847875 -7.3804636 5.7622468
-8.4954344 -5.2308431 6.2084747
6.2671693 2.081847 12.863461
4.0626772 -3.7610507 18.703418
7.9503822 10.920351 15.003426
4.5941825 5.487801 4.2315068
6.2263536 2.2973383 2.2715487
2.3154591 -4.6294017 15.498672
-5.6280582 -8.7756643 16.00248
-8.9355879 -4.1721113 5.8585108
4.4101881 -3.4764355 17.749585
-2.9577291 -10.299661 13.112115
-7.6330164 4.5516181 13.055084
3.1260126 -4.3269559 20.052763
-3.1024907 7.6336344 6.2036764
5.0343023 4.9498679 13.268226
8.7335205 10.201335 11.15718
-3.6531855 -9.9988111 18.294481
11.840597 5.3429358 12.273584
-2.511113 -10.462911 12.655271
11.579427 -3.9575385 10.251171
-7.2111164 5.0654141 19.795636
2.4682266 13.739476 7.277053
4.4150206 -3.4721316 4.1934974
-9.3607673 -2.4803006 2.0600969
-8.95701 -4.1100606 13.694424
3.2932015 6.6181778 12.725312
-2.8383987 7.7006714 17.032622
3.047609 -4.3631243 9.6968858
-8.9819508 -4.0360636 1.968117
12.589866 0.36108465 2.1565988
5.9593647 -1.2152764 18.365429
6.3223088 0.28940965 1.2758753
3.202923 -4.2899402 17.791993
12.430387 -1.0949012 9.5362772
5.6935844 -1.8122152 5.2118015
11.546571 6.0838494 20.760198
-9.4715703 -1.3240959 11.850677
4.6357073 12.992183 4.6311556
5.3030018 -2.4652713 18.427674
2.2714897 -4.6414974 15.278837
-3.5426894 7.5006875 17.914771
-5.8569409 6.3012182 3.7312439
-5.083169 6.8068666 11.346349
-6.3831498 5.8822748 9.9158692
-3.302972 7.5764208 15.380285
10.16638 8.5190387 20.592541
0.36325894 -11.022534 14.003275
4.8491194 12.895955 14.345843
6.2446602 -0.21710354 18.383264
8.2148101 -8.4266511 10.661557
-3.0853613 7.6382679 9.8257517
-8.1698326 3.7598255 5.1417433
1.8043433 -4.7442853 11.886604
-8.3292229 -5.5576915 15.97521
-2.9527716 7.6727901 7.2485485
11.305196 -4.5439257 9.398489
11.428579 -4.2900925 10.83156
-3.7484802 7.429164 3.3042215
4.8832075 5.1469953 20.598445
-0.71740435 7.9119497 6.2738305
4.1335261 13.201746 3.2466477
-9.0677689 1.7467465 19.650503
-2.6504525 7.7427123 14.151092
9.5015817 -7.1947883 8.9861109
-3.3176491 7.5720147 17.488984
10.65463 7.7881219 3.5977869
6.3609533 1.0135437 9.2534838
-2.6496735 7.7428768 15.801273
9.3757651 9.5164978 12.925413
-9.4672612 -1.4308879 5.3375505
4.1838911 -3.6671178 7.3585644
7.0177167 -9.2897959 12.873265
0.21118521 -4.7521098 7.0922142
-5.8608319 -8.5873058 13.355833
5.4293343 12.611619 10.848693
-4.8044862 6.9610568 10.910247
6.6637638 -9.5036231 13.155433
1.8821307 -11.005175 19.932963
2.8039264 13.649543 4.6931579
6.2312553 2.2734109 20.887501
-6.5703854 -7.9375856 18.42551
6.0307123 12.279691 13.144874
4.5532074 5.5327426 4.4494444
-9.4717567 -1.3186818 19.226363
-3.0203379 -10.274956 2.8192759
-5.0529765 6.8242417 20.329366
-9.2246611 1.1702355 13.018028
8.3693614 -8.2974003 13.456187
5.4776463 -2.1968667 0.28495802
2.0207021 -4.7024651 16.580192
-2.8487636 7.6982167 18.890663
2.7937129 -10.894097 0.045742106
7.6948476 11.131636 10.843062
-9.0084311 1.9327486 13.112969
5.5613686 -2.0556622 5.5689742
-9.1649378 1.4075316 8.3786155
6.6836299 11.872415 20.530195
-2.6060856 7.7519571 6.3778558
0.35662978 7.8001441 11.901858
10.101206 -6.4717315 4.5385685
2.50481 7.084355 2.8435067
6.3531456 0.67237903 20.551022
2.5306503 -10.933981 4.500951
4.3800752 5.7144636 2.8515344
-8.3199004 3.5009373 1.1059242
12.603694 1.2344503 5.5574134
11.70166 5.7096265 15.903743
3.496981 -10.755717 9.1495425
8.8049295 -7.907666 10.639821
3.3059436 13.498024 10.389196
-5.1362179 6.775934 1.9783909
5.6218016 -1.9477712 20.395412
6.006417 -9.8569886 8.9229018
10.706149 7.7044399 5.6739989
6.3166414 0.2403103 19.640255
2.0190787 -4.7028157 4.6357316
-9.0509117 1.8009982 3.9820065
4.3333223 -3.5435519 5.8925048
-1.6905595 -10.706314 14.155251
5.9507539 12.326121 12.562312
-8.3188015 3.5029076 8.1657844
-9.1879403 -3.3288085 19.652703
3.130882 -4.3246578 17.365771
-9.3513769 0.54085993 1.0767836
-6.1649692 6.064197 17.381744
2.8190098 6.9142595 8.1439473
2.9773552 6.8209077 9.3604293
8.6533681 -8.0477271 0.19260236
4.4485484 -3.4419902 5.8839026
3.6053739 -4.0700946 6.1323643
5.6302215 -10.035351 9.0276459
9.5274757 -7.1658642 14.728065
-0.89607473 -10.876524 0.21750851
12.063158 -2.6477103 4.9769299
-3.0987542 7.6346485 8.4309932
1.9198541 7.3520176 1.84152
-2.8305825 7.702513 18.554465
4.1948166 -10.571471 9.1667601
6.2983957 0.10089985 6.4845932
12.170614 -2.2756142 17.309394
-8.6490843 2.8498161 14.437364
5.7658508 -9.972968 11.138693
0.68106 14.072337 3.7293624
-2.2067346 7.8236391 18.837285
6.5950111 -9.5431845 17.009338
-1.7285611 -10.696593 8.1717062
1.5347344 -11.027574 10.058957
0.34292227 -4.7718236 12.75541
-1.2802926 -10.801993 13.689994
6.722415 11.846575 16.012996
-5.0601173 -9.1915315 9.4018933
10.752387 -5.5304592 13.502633
0.1409191 -4.7400156 5.8922486
11.512213 -4.1089987 9.3090158
-2.4973969 -10.467572 5.2122841
6.3549268 0.71039968 3.1839951
-9.3317866 -2.6540731 4.3370644
5.9743281 3.1928754 19.197363
-8.8818857 -4.3220717 12.234759
2.7449438 -4.488449 14.559378
-6.9517079 -7.5327106 17.986311
-6.0727241 6.1375266 10.215982
6.3575157 1.1990159 7.1973798
3.0111993 -4.3793914 8.7915498
3.5097494 -4.1264653 2.4929552
1.6627674 7.451149 10.889879
6.8449897 11.763635 20.40326
2.5210638 13.725916 6.9105297
-8.6325029 -4.9363538 7.1225628
1.5141899 13.947069 16.839388
2.610646 -10.922529 3.3536959
5.3154776 4.5393439 3.3441095
12.042655 -2.7140647 3.4369541
7.8248687 11.025452 19.201336
5.5529809 -2.0702244 16.275385
2.112555 -10.984275 9.0276168
2.506661 7.0834094 5.4422861
-1.9705257 -10.631223 13.070134
-8.5584896 3.0425336 20.690236
8.9192712 10.013025 13.37551
5.3133023 4.5427753 4.8943383
-0.67046714 -10.913642 16.474462
0.077354803 7.8437385 0.071503882
-8.9856084 2.0008468 16.745602
-8.7378991 2.6485197 4.3607445
4.1103849 -10.596315 4.1901331
5.375571 4.44274 20.529167
5.2596795 -10.195069 13.084502
12.290844 3.8061137 1.159532
-5.7377644 6.3871209 2.988266
-6.6162653 5.6738159 8.5646823
5.72424 12.453773 16.341176
11.705286 5.7004665 3.4181148
3.347475 -10.789049 0.55031965
1.9752932 7.3292122 17.878407
12.519669 -0.47305965 5.311468
3.7909494 13.331604 8.2982691
2.3232885 7.1739704 14.433047
0.25783791 14.11655 18.290778
-7.5194275 4.6979022 14.30065
0.27984033 -4.7628623 2.9231942
2.8409112 6.9016621 12.116776
2.6441364 -10.917559 14.372675
-9.3361415 0.63015494 6.6401436
3.893769 -3.8831923 10.748532
6.3122086 1.7772608 9.3681266
2.918872 13.616671 10.923804
-2.4884643 7.7752197 7.6866692
5.8290732 -1.529937 13.698471
0.67250757 -4.804619 18.302749
-2.6105166 -10.428516 18.227421
7.2410401 -9.145792 11.125895
1.2387457 -4.8075431 20.145611
4.6580222 -3.241945 12.411332
11.087775 7.0360602 0.48957385
9.4493826 -7.2525223 3.826847
-7.2605634 -7.1696054 9.8168135
1.9654799 -10.998172 12.881778
4.2150008 13.169319 2.932748
-8.8056737 -4.5227771 4.4472096
10.391496 -6.0756339 20.791492
-5.2972422 -9.0250426 6.9308587
1.5053537 13.948668 8.9425626
2.2701653 -4.6418552 3.0713862
1.9217043 13.866939 11.460407
6.219021 2.3323169 1.9315372
9.7774528 9.0342857 9.1340755
-0.11601912 -10.9844 1.7572314
-8.5037858 3.153484 11.65316
2.2735665 -4.6409357 0.37432633
-8.4299882 3.2973721 13.526192
11.650338 -3.7914249 8.2375317
2.9913119 6.8124227 6.8594326
2.9826347 -10.861492 5.5611949
4.598794 5.4826943 10.715844
4.8584343 -10.350922 9.5657038
5.5760764 -10.059661 17.017855
6.8270184 -9.4071406 9.8137598
-4.2924576 -9.6676229 10.888627
1.3504198 13.975749 4.2647797
6.0928465 -0.82551436 12.193562
6.2370054 2.2447463 12.551684
12.325924 -1.6378528 13.78792
2.7542915 -4.484909 12.211127
-9.1501737 -3.474667 16.040787
6.3458344 1.4280929 3.4347475
-6.1317948 -8.353421 17.634764
2.8189521 6.9142926 20.922703
4.2246034 -3.6343265 13.862849
-9.4692654 -0.60477128 2.5883257
11.578378 6.0097285 12.329864
-4.8699883 -9.3181014 3.0709809
2.180539 -4.6651774 19.944173
5.9903035 12.303246 15.5816
6.3038983 0.14045923 18.32476
12.478939 -0.78459201 3.4564497
-5.2145032 -9.0842552 9.9494828
12.588155 1.6665851 7.2792867
5.0926556 -2.7505462 6.2604141
-1.7729782 -10.685045 0.84375048
5.1162417 -2.7203395 8.0136188
-8.8876636 2.2749223 2.7706054
1.7286254 -11.016421 3.0026911
5.6759663 -1.8462864 8.021031
-8.5704488 3.0177567 13.373057
3.3497209 -4.2149493 16.387247
-7.3477745 -7.0605437 8.9852241
-8.1659896 -5.8524417 3.5961957
4.7775981 5.2766489 7.7003961
5.4253059 4.3600057 20.534135
0.72841508 -4.8078838 9.6453687
-3.8841021 7.3786659 18.356852
8.9352775 -7.783186 3.1938487
-7.6953682 -6.5925662 9.2915215
-5.5430876 6.5209029 19.33667
6.3128131 1.7723612 20.588176
-9.4767916 -1.0921675 9.7344183
4.87021 -10.346595 7.234302
12.229292 4.0653463 4.398392
7.6126021 -8.8896471 6.6406159
0.68586734 14.07176 18.854648
12.24778 3.9899534 1.4834468
-9.2081335 1.2386247 5.2063993
10.452598 8.1034609 0.41702629
0.93316286 -4.8142432 20.93404
-2.9773881 -10.291953 2.1027466
6.8480891 11.761512 19.296084
1.911025 -4.7248989 2.8141457
3.2154952 6.6701851 4.3059989
1.1052734 -11.040167 3.4472163
-7.0419737 -7.4301116 16.318098
3.0604905 -4.3572891 11.76296
11.802422 5.4470857 13.967334
-9.2504405 1.0586927 18.344855
11.194143 6.8320777 12.806401
9.3285291 -7.3833275 19.715613
-1.163744 -10.826123 5.9970179
3.6828302 13.370449 16.062808
6.3197186 0.26654512 3.1358531
5.7446556 -1.710244 13.006869
8.7656874 -7.9444044 13.087276
1.4444195 7.5270523 16.975371
-8.539382 3.0817252 6.6749874
-0.45465062 7.898406 7.3201627
0.43496335 -4.7833371 5.3250052
-0.034669822 7.858317 19.351433
5.1238336 4.8258502 14.773195
0.78777995 14.059139 14.830747
10.294077 8.3378133 3.1629532
-1.2355913 7.9129919 14.778407
3.6465506 6.3626923 1.549674
4.2919768 -3.5786342 1.1029857
5.3553678 4.4756152 10.99618
10.565499 7.9296807 13.640494
0.66452031 7.7398603 4.9010778
-7.8280075 -6.3979851 2.9428527
6.3597613 1.1139763 4.9893063
7.2583538 -9.1343231 18.357598
5.0106553 -2.8524137 18.075429
-3.8105917 7.4063723 13.683777
12.362346 3.4695254 18.356943
12.471134 2.8390452 20.23736
12.32709 -1.6324414 19.877738
5.1670395 4.7638882 18.61287
10.82955 7.498091 11.291233
-5.7848475 -8.6500204 17.076544
5.8360888 -1.5142129 5.0925387
6.2246516 -0.31503002 7.6429387
11.62513 5.8984122 14.228238
2.793518 13.652467 4.1387512
-5.9962743 -8.4724447 4.0847652
-2.1535511 7.8316325 11.558007
5.6495692 3.9497097 0.38602207
-7.9650497 4.0839151 3.381295
-2.3731294 -10.508857 11.238563
5.1851051 4.7375491 8.9902641
-8.7118764 2.7088849 8.5488896
-9.3978194 0.22751809 17.477591
3.5179436 -4.1217392 4.0467086
9.652787 -7.0231494 14.278654
2.1313707 -4.6772321 19.284746
6.2678662 -0.091810403 0.97006922
10.391611 -6.0754691 18.497956
6.1674791 2.5556892 8.8700179
4.925512 5.093245 9.5693832
-4.7399335 6.9948356 12.965178
-9.0900867 1.6730298 15.596869
-9.4758974 -0.83186673 20.915755
-4.0755843 -9.7862104 19.486764
-4.0089031 -9.8213587 0.40128205
1.1686569 14.005241 8.0057912
-1.9563155 7.8581199 13.796893
3.7629005 6.2712445 0.59259409
1.1959019 -11.038898 12.842053
-9.4749602 -0.78428574 11.002716
3.7155915 6.3088917 13.081535
-7.4876325 -6.8789699 2.9283686
12.406457 -1.2315181 9.4762015
7.1214972 11.569229 8.5925037
-7.7022768 4.4592162 19.087632
-6.5212338 5.760634 8.4237877
0.50522234 14.092278 4.0054195
-4.9903693 -9.2386606 17.148805
6.8469895 11.762266 8.873546
9.8083021 8.9952718 8.1015444
12.208353 -2.1334473 15.037845
2.4083795 -10.950346 12.710559
1.7567709 7.4161485 1.7181387
-8.5103201 -5.2000493 2.7385258
-2.9802064 -10.290844 7.7252631
9.8339588 -6.8083902 11.761337
2.5455675 -4.5591002 15.543974
5.1167949 -2.7196259 20.631499
12.595508 1.5096987 10.201331
6.3278678 0.34126357 0.00819455
1.7285222 -4.7566142 16.414823
1.490172 7.511763 7.2905465
12.273261 -1.8711538 6.2136091
5.5510487 4.1381996 17.462128
-6.9611123 -7.5221498 2.0570142
8.7955016 10.139325 7.8506626
0.24210487 7.8192818 13.445566
6.208234 2.3821344 0.71559387
-2.358054 7.7989074 6.7070603
3.1556543 13.54556 20.19476
5.2286931 -10.20773 13.99434
-2.352932 -10.515409 1.8163521
10.730505 -5.5654172 5.366819
-8.65814 2.8298845 2.9975626
5.6235715 4.0008552 5.8231059
1.1187826 7.6267058 16.305339
11.091929 -4.950602 14.86761
-3.1974672 -10.202564 12.661388
-0.70866914 -10.907699 0.82779881
-9.1719021 -3.3918915 17.759314
9.2281075 9.6826698 4.8245671
10.603303 -5.7635319 10.396326
0.48609789 7.7763752 0.63135194
7.335193 -9.082883 13.606873
-7.3592777 4.8938839 8.4093069
-6.6732006 -7.8327041 16.117813
5.1058379 -2.7337151 8.0611295
1.0278309 7.6517304 18.7196
-4.3340695 -9.6441068 8.5636406
11.015573 7.1697304 7.9134383
4.6416155 12.989577 1.8574414
0.92132653 -4.8141137 20.634116
4.9716974 -2.8991758 19.355609
-5.1964284 6.7401949 9.6999961
4.4644574 -3.4275144 11.790805
2.7700921 6.9420391 10.361169
1.2579885 -11.037601 20.873519
2.6402457 13.694516 0.53919293
-4.945952 6.8845073 5.4498368
12.363451 -1.4572908 6.8704178
5.6310639 -1.9307518 2.5804022
12.600174 1.3779925 15.66457
5.6100158 4.0271087 13.216579
3.161746 -4.3099491 4.1284901
0.1389288 7.8350201 9.7391416
-7.6912717 -6.598423 5.5850326
5.76597 -1.6661801 0.076059868
12.21709 4.114058 2.4309011
0.29951403 7.8099088 11.73723
-9.2522275 1.0507202 18.737645
-7.0143919 5.2799997 18.925336
4.5407642 5.5462382 14.69754
2.2294739 13.798014 4.9093128
4.3884892 13.098259 11.119532
6.3672253 12.076187 16.900063
-8.0571742 3.941923 14.696134
0.12117784 7.837585 0.0086257059
0.34965918 -4.772729 5.9866407
6.2752033 -0.048894328 3.5865578
12.502842 -0.60927582 4.2679246
-2.344095 -10.518261 1.9882896
0.80622415 7.7077102 0.81213474
1.2202702 -4.8084957 8.2605984
-1.6678859 7.8879527 4.9021724
7.798359 -8.7534103 2.3649895
2.416008 7.1289608 9.1030066
6.360051 0.8780625 5.9242301
-6.0137626 6.1833276 17.948587
12.230629 4.0599606 0.73102129
-4.0628804 -9.7929538 20.630142
2.6012268 -4.5403008 20.058804
-5.2705676 6.6952538 20.672239
2.202451 7.2302876 17.194898
6.0918507 -0.8287777 0.90907903
1.7219054 7.4292957 6.1336329
0.14563134 -4.7408614 15.16824
-7.3417072 4.9146993 2.1925075
1.0168486 -11.040688 19.643341
12.408081 -1.2225227 9.6339802
8.8175065 -7.8958202 20.729932
6.2407253 -0.23701693 8.6933023
-8.7462622 -4.6707093 17.013055
-9.3923431 -2.2636766 1.0459394
9.2163452 9.6956695 12.939167
-7.5795967 4.6212043 8.4629099
2.104257 -4.6836569 12.636091
4.522383 13.041518 4.860162
0.61236169 -4.8003687 17.42904
-8.746961 -4.6690087 1.4558223
7.845729 11.008163 4.8827074
10.764786 7.6074555 10.224714
-4.6661727 -9.4472794 19.941551
3.4870268 -10.758003 1.4267052
7.3649101 11.389344 9.3264851
-8.0736349 3.9159174 4.378675
6.3491489 0.60048025 16.964698
-4.7696585 -9.3825126 10.594254
-9.4543569 -1.6543488 16.137104
-2.358505 7.7988293 4.6701546
10.131062 -6.4325315 16.794609
12.504503 -0.5963525 0.80395132
1.0827059 7.6367764 15.370339
-6.3836606 -8.1206306 20.054567
10.684695 -5.6377516 6.993499
1.5657143 -4.7790452 6.8767932
12.47298 2.826428 11.743375
1.6686092 -11.020237 15.300506
11.733485 -3.587439 6.3979721
9.3557958 9.5392997 17.173117
-4.131787 7.2793701 17.039469
-8.8431465 2.3910806 10.214616
4.0895905 -3.740662 9.0744667
8.7127823 10.221903 2.9496936
1.2340536 -11.038142 12.083913
-2.5729364 -10.441648 4.2643249
0.54362246 14.088114 8.7701986
-9.4203778 0.040626598 4.2833183
-6.92874 5.3690853 14.397148
12.51747 -0.49158455 17.452146
5.1794598 -2.6372594 5.9718579
-6.1898398 -8.3011396 7.8129072
5.9184013 3.3431898 11.692307
-4.8926079 6.913784 7.0962736
2.2551623 7.206043 18.963847
-3.2811759 -10.167051 4.9236427
6.7493373 11.828524 8.4802247
0.26366845 -4.7604237 6.8481532
12.254638 -1.9489735 8.2987284
2.5397064 -10.932714 5.8876798
2.488094 13.734403 13.486746
3.2806874 -4.2509343 6.1124113
2.1115733 -4.6819388 20.284705
7.4451939 -9.0076873 8.5171519
12.321075 -1.6602444 4.4053511
4.5268958 5.5611977 0.50421701
3.9121325 -10.651862 16.05678
2.5554817 7.0582329 9.2657283
3.8422677 -3.9185101 1.9920988
11.957946 5.003872 0.070880448
3.6291968 -4.055631 4.4836158
7.5385928 -8.9423751 16.54274
5.4441991 -2.2508467 17.204021
-7.6718337 4.5001412 3.1155475
-6.6265399 -7.8806754 13.36175
-3.0188174 -10.275561 12.250249
-9.2737335 -2.9554911 4.3274849
6.1617778 2.5784028 14.815757
0.73566457 -11.037637 20.946593
5.30664 4.5532571 17.300563
5.59194 -10.052574 16.136049
-4.9832464 6.8637397 8.1770339
-4.5619375 7.0843296 0.088718831
-5.7717996 6.3629053 9.0183707
6.045966 -0.97256258 6.8800096
11.843764 5.3341714 16.491188
1.0012373 -4.8144227 9.1407144
8.8268758 10.107624 14.919074
-3.367084 -10.129722 19.965878
3.1507097 -4.3152369 14.852425
-3.3619749 -10.131967 2.8999208
8.6449305 -8.0553811 6.8035198
9.8756615 -6.7574706 16.566493
11.979217 -2.9114778 6.0422581
-9.0244359 -3.9052763 16.753999
-9.1926104 1.30087 4.5104554
-7.543974 4.6668232 8.0936967
-3.9240117 -9.8652318 19.587688
3.6439412 -4.046594 20.653776
-9.0036787 -3.9699572 15.775393
6.1557949 2.6018791 13.013505
4.0791515 6.0021277 1.1681392
2.8544013 6.8938532 7.1091617
12.393349 -1.3027882 5.0345253
-5.7715302 6.363098 11.219557
-9.3681604 -2.4325499 14.216744
9.1436126 9.7752989 4.619074
-3.46667 7.5255783 13.920442
-2.7771619 -10.36838 2.506482
6.3357392 0.42292958 17.928052
10.922537 -5.2491283 3.5263388
-2.4452271 7.7833178 12.903678
10.374801 -6.0993605 13.368092
-0.65849612 7.9096788 16.156801
10.190168 -6.3539254 11.463189
6.0097322 -1.0781387 8.5587061
6.0176611 -1.055571 4.4620586
-2.7625951 -10.373761 13.178252
4.3103572 -3.5631245 17.469063
8.3743749 10.545301 16.016498
-9.1937266 1.2964546 16.029871
6.2476882 -0.20154045 14.728455
3.7438308 6.2864972 17.177029
5.6134683 -1.9629702 3.9433327
1.0705786 -4.8136185 4.1348218
5.6527054 3.9434671 4.4440591
12.598768 1.4220005 16.089921
6.164572 -9.7769384 19.193618
2.9391526 -10.869291 4.8481631
-3.7627203 7.4239884 7.2881667
-9.0686459 1.7438913 14.677613
4.2216188 13.166659 0.35455741
10.789016 -5.4713403 11.728577
-5.6541089 6.4455844 12.730466
5.3718587 12.641313 9.4517851
6.3026221 1.8512356 0.63858168
-9.3326771 -2.6490109 20.772575
-9.4569059 -0.37389753 0.86145539
-9.1552825 1.4435596 1.0003392
-3.3525488 7.5614177 2.3940727
-9.4451259 -1.7759024 6.5006264
12.231303 -2.0434813 14.90377
6.1631453 2.5729858 2.589169
-4.1819325 7.258132 10.761757
2.1685756 -4.6681586 2.0200358
2.0149773 7.3125696 14.56545
12.174243 -2.262234 5.7763618
1.6141837 -11.023416 9.7051505
11.658611 5.816863 13.5061
3.8208226 -3.9329603 0.78645656
-9.3648641 0.45705874 18.788173
-6.9449263 5.352443 20.285883
-0.9085382 7.9162848 4.086266
9.6842683 9.1503377 3.2326837
6.2103175 -0.38063436 4.5735692
-4.1141439 7.2867506 11.64968
4.2049184 13.173365 18.674871
3.1418732 -4.319448 6.6837915
1.1997821 7.6033985 9.4846045
5.4931053 -2.1714656 9.4943652
5.1495144 -2.6770054 12.363866
6.2599397 -0.13625586 14.979598
4.3337909 -3.5431503 14.983332
-9.2849437 -2.9011036 5.3555723
9.3369715 -7.3743171 2.4139804
-6.1620763 6.0665283 2.2803013
12.584374 0.26052906 2.4342267
11.852629 -3.2750621 7.3761088
0.41427591 -4.7809098 15.270446
-2.2163418 -10.558561 8.0189016
5.0315087 -2.8269587 14.799717
6.0377284 3.0075479 7.5287907
10.021926 8.7165553 0.30771675
5.9459494 -1.2501491 3.4669982
6.1806366 2.5019153 18.16661
12.560513 2.067225 11.71691
4.8461786 -10.355411 0.72667957
3.7606682 -3.9727049 3.5123709
12.310419 -1.708757 3.5792387
-1.1740605 7.9146416 2.0274291
6.2396562 -0.24236842 15.874472
-9.1197133 -3.5860154 5.1110495
8.8717985 10.061863 16.018569
-7.3262359 4.9329199 11.315385
-9.1102827 -3.6194737 19.904488
3.3229907 -10.794304 20.800001
0.091611025 -4.7308642 0.96034393
12.591207 0.38816478 20.658918
11.307463 6.6045865 6.6842772
0.90660266 -4.8139121 9.5179931
4.5129646 -3.3826721 15.050135
-3.0921466 7.6364372 19.603192
4.1730897 13.186074 11.557451
-4.5300346 -9.5299623 2.4701117
0.35036099 -11.021784 11.012603
-8.2536416 3.6177089 11.814626
12.598305 0.55866311 3.9673478
12.411931 -1.2010452 6.5243539
-9.0581855 -3.7966537 20.164854
4.270125 -3.5968953 19.725831
2.6311281 7.0183145 4.5633502
-5.9275263 -8.5312457 16.919031
6.3609944 0.97709987 5.6269835
6.8169886 -9.4131726 16.990117
-8.854497 -4.3957316 8.6705388
6.1538734 -0.61135167 13.090059
8.7159525 10.218765 11.507184
6.2509333 2.1723729 10.808043
0.38116498 -4.7768315 0.44856206
2.3530753 -10.957298 8.990332
-5.0535767 6.8238979 0.42437742
-3.5001443 7.5147186 0.50880449
10.460818 8.0910093 9.9971509
6.9227339 11.710011 11.063145
-8.9048861 2.2286696 20.060862
0.81301021 -4.811574 16.253646
12.341514 -1.5644695 3.3704405
2.704826 -4.5034079 13.052874
4.1764195 -3.6730666 15.695767
3.1452874 -10.830746 3.218702
5.996338 -1.1156273 12.29228
2.7138254 -4.5000851 19.528055
2.9854038 -4.3907156 9.8657838
5.8194918 -9.9477025 16.451232
1.5712745 -4.7783698 13.069867
3.047122 -10.849599 0.92752943
5.9195207 3.3402857 1.6499672
-4.0232553 -9.8138449 9.894257
-9.4752113 -1.1933119 8.9421684
-7.6651179 -6.6356084 20.794868
3.1225414 6.7305412 11.475486
11.12522 6.9652454 19.795955
4.2784038 -3.5899995 2.2859522
2.8049817 6.9222762 3.5271143
12.386322 -1.3400626 7.7805277
0.79329716 14.058434 14.383992
3.1922707 -4.2951589 20.571572
3.4841081 13.43922 1.0902006
8.9194546 10.012835 1.9049422
5.2135506 12.721335 1.7021644
-8.29641 -5.6188625 14.253263
6.1460677 12.21142 19.255614
1.0944335 7.6335236 1.4800951
4.2851204 5.8088884 12.441801
2.8789785 -4.4356987 4.7872958
0.041831007 7.8485404 20.466694
2.8087904 6.9201036 8.4457438
-5.1592918 6.7623177 10.824322
1.5906632 -4.7759646 10.712984
3.1091513 6.7390724 12.464184
5.9549724 3.2461527 7.7225712
-8.1684117 -5.8482346 2.3575309
12.145591 4.3846974 12.783636
4.7895448 5.2622941 11.076122
-6.6722649 -7.8336723 10.65231
-9.4190454 -2.0457732 2.9535907
5.5626686 -2.0533965 6.7774264
0.16893577 -4.7449707 10.705942
0.55093317 7.7636134 15.657098
-2.0739354 7.8429219 15.248203
0.79123083 14.058698 14.9726
7.2758859 11.456112 8.8026375
-7.1616653 5.1207169 12.17153
7.7266282 11.10593 5.3585548
-9.3907442 0.2803861 12.819281
3.7334952 13.352373 13.083879
5.3361789 12.659573 18.95741
5.6114512 -10.043817 12.740222
-1.897289 -10.651647 20.901307
12.356753 3.4975453 19.288876
1.4371101 -4.7928843 0.081561409
-2.4640365 7.7798248 19.58592
4.3286102 -3.5475857 5.0488207
-0.097610254 7.8657848 20.66701
0.32994619 -4.7700517 14.82092
12.224346 -2.0710517 15.304987
1.1555558 -4.8112777 18.792655
-6.5807762 5.7065416 9.239745
1.5757732 -4.7778187 20.64812
1.0474998 -11.040588 16.438792
0.39520188 7.7933006 11.646391
-8.4321883 -5.3587594 4.1667852
-6.6174744 5.6726944 11.146472
6.0525335 -0.95272036 2.055388
3.0322824 -4.3700125 9.2715124
-4.7965869 -9.3653827 6.4932439
-3.6980309 -9.9773524 16.540473
6.3490235 0.59844037 16.684211
-5.5317049 6.5284815 11.700196
4.1321048 -10.589992 14.731524
-6.9135481 5.3846248 1.2256754
6.1256858 2.7149673 6.3017466
-6.727574 -7.7760033 0.9995302
12.59446 0.45951538 19.074709
11.368219 6.4778564 6.0280494
11.506129 6.1763053 18.119811
4.7223466 12.953643 8.1837282
9.8734936 -6.7601318 9.2957275
-2.621182 7.7488405 8.7928964
3.2069859 -4.2879419 20.557124
4.9089042 -2.9724571 12.635161
7.5952122 11.211203 4.1421366
-9.4772936 -0.99107948 12.089036
6.1197849 2.7362303 20.304053
-6.389879 5.8764671 14.19279
12.522594 -0.4480495 0.41066781
5.8983513 -1.3689623 8.5664057
0.85225257 7.6966594 12.894188
12.28998 -1.7993266 5.5091726
2.7493535 6.9536685 17.669128
3.7398532 -3.9861903 6.1197727
8.4191347 10.503807 4.6865846
6.2841998 0.0063957975 4.7446204
-4.0336324 7.3198273 5.9479064
-9.2122793 1.2216825 17.413323
12.078946 -2.595687 11.602801
-5.3814663 6.6260675 10.654568
11.41852 -4.3113589 12.663681
0.88898725 -4.8136115 13.892489
5.4535034 12.59903 12.318965
12.506512 2.5796218 19.370195
1.8019159 13.8918 10.483038
4.9699241 5.0356342 17.609659
-9.1345333 1.519085 19.308535
0.63806096 7.7455529 12.726441
2.7054524 -4.5031772 17.966403
2.8980573 6.8683208 4.3020464
0.98160909 -11.040699 10.03872
5.9647662 12.318037 8.0052211
1.8866337 -4.7295423 8.9071641
12.380074 -1.3726902 10.446438
5.8608206 3.487495 1.8569373
0.040330106 14.134256 12.223791
4.5415013 5.5454407 0.4431707
5.6822587 3.8838428 0.099183096
-9.3923997 -2.2632546 11.63587
-8.4062719 -5.4098748 2.352216
12.467943 -0.85956374 14.662342
3.0498787 6.7763523 15.772456
4.8864807 5.1428748 5.2466939
5.3652085 4.4596536 5.2320942
-8.7658079 -4.6227996 20.248354
6.0449564 2.9852304 7.3033091
-0.12148825 -10.983842 9.9529438
1.7425295 7.4215424 18.080543
-8.7716943 2.5682732 2.3436027
-9.4653023 -0.51831933 8.2799706
2.2767807 -10.966428 17.918736
6.33205 1.5960382 15.526191
3.8930688 6.164257 16.01213
8.6019098 10.330362 4.9446719
5.54777 4.1442347 15.897589
5.5295492 -2.1104004 4.8752661
-5.8455246 6.3095826 9.6780411
-3.1714236 -10.213441 0.74297111
6.360362 0.89778666 11.008643
-5.2110509 6.7314132 8.3839246
2.3164538 -10.961747 18.888045
0.54538666 7.7647277 3.6001341
8.8755761 10.057995 0.51908775
8.9218984 -7.7961391 12.435834
-5.0637028 6.818088 11.974605
6.3097054 1.7972341 12.231698
-5.0051033 6.8514532 7.1680991
6.1276116 -0.70718308 11.750754
3.0419654 -4.3656675 8.3511471
5.2982739 -2.4721048 19.859479
1.3621129 -4.7993796 18.406584
12.291089 3.8050325 20.757438
-5.9491093 6.2326133 8.2187676
11.260913 -4.6315141 19.32242
12.249037 -1.9719517 9.6076481
-4.6537417 7.0388338 13.8945
12.466463 -0.86941301 10.950447
-0.31909914 7.8879618 20.640926
6.2994251 1.8745244 18.893053
-9.4768444 -0.90220526 13.234292
6.1430743 2.6506426 7.2833448
-7.4208988 -6.966669 6.4226267
2.7137704 13.67458 18.926019
-8.6808134 2.7794099 2.2385173
11.744914 -3.5585538 6.2226928
-7.0947457 5.1940782 17.882705
5.3324387 4.5124348 15.317685
-3.1805425 -10.209642 13.498414
-2.5635378 7.7605807 5.6319427
-7.0099425 5.2846902 15.290727
2.205066 7.2290964 18.736305
-7.0509347 5.2412123 10.708512
2.5016936 -10.937981 11.614884
-9.4766808 -1.1023969 18.498205
1.1415194 14.009435 17.981457
6.3606753 1.0528412 12.590395
-8.4784555 -5.2656404 10.127178
-9.2335083 1.1326581 0.25218678
-4.8083487 6.959013 5.854572
-9.3361296 0.63022293 12.056719
4.0068424 13.25098 17.386321
12.48493 -0.74235297 14.796063
5.5410945 -2.0906966 7.1790268
12.605757 1.0632629 8.4425536
11.129439 -4.8817262 11.316982
-0.86122847 7.9156428 3.9846352
7.3121643 -9.0983925 9.1285187
2.8049694 -4.4653566 8.58235
-8.4917166 -5.2384922 4.3183664
10.73974 -5.5506957 6.1612737
5.8600716 -1.4595134 5.3785843
-8.5325701 -5.1535087 6.5648264
6.2094863 2.3764454 11.522212
12.404584 3.2463048 17.447174
4.6856474 5.3846129 6.2474755
3.6729073 6.3423113 18.420445
3.0675042 6.7653487 15.85259
6.9676743 -9.321082 6.8299768
-9.3928941 0.26456196 5.4204515
2.5761098 -4.5488721 15.416714
6.3406014 1.4984044 9.1863251
5.9899304 -9.865158 6.5615908
3.4124253 13.463201 18.976781
3.9613712 -10.638429 14.596592
11.719525 -3.6224326 15.892678
6.1984283 2.4258772 5.5995134
10.086829 -6.4904885 12.835681
12.057146 4.6905256 3.6179442
11.955332 -2.9829706 3.1894487
8.8810076 -7.8354758 14.362789
10.361601 8.2393089 4.5769935
-6.3832407 5.8821964 16.037373
-0.84972405 -10.884548 1.4058795
0.057732275 -4.724256 5.0438162
2.3579568 13.767068 7.4385198
-5.8255202 6.3241696 12.760858
-1.0707241 7.9163386 8.6704318
0.15622263 -11.008656 12.938581
-7.6699313 4.5026823 9.0683689
12.604021 0.77747171 8.7338712
-9.3299359 -2.6645445 15.03198
4.6950504 5.3737721 18.406314
6.1559602 -0.6034649 5.5071861
-8.5258424 -5.1676469 0.6391603
4.9126647 12.866452 13.509763
6.0630273 12.26072 17.315666
6.9760616 -9.315863 16.351145
5.8868466 3.4234635 9.9804164
-9.3882895 0.29821059 17.708844
0.31611765 -4.7681227 5.0945961
1.2373709 7.5922526 7.7693294
7.3048571 -9.1032972 20.25757
11.176168 -4.7944064 9.8501983
-5.0056058 6.8511698 11.191513
-4.9778784 6.8667442 1.1347982
4.9290042 5.0887595 13.067886
4.2503906 -3.6132229 13.968733
-5.9299803 -8.5291646 15.950058
12.557595 -0.10472516 14.185702
2.7431289 6.957142 6.8699453
-8.6241673 2.9040091 20.670951
2.1390297 -4.6753886 10.757621
3.9903434 -3.8145671 17.164883
-9.4754824 -1.1799221 8.2851145
5.0809577 -10.266642 10.119285
1.6541901 -4.767538 15.180264
2.6673999 13.687204 12.163872
-9.3980213 0.22597441 4.6718874
3.5724354 -10.738082 4.7444206
11.787415 -3.4492036 7.4629675
-9.4638524 -1.4996211 13.483519
-9.4471501 -0.2402632 13.503439
8.7269679 -7.9803265 1.0949881
5.4383183 4.3379188 20.842895
6.9517225 11.689811 8.1448886
4.113482 -3.7223416 6.2801042
-9.0335236 -3.8764628 5.1985676
10.442484 8.1187415 1.0577628
12.386364 3.3452697 11.638543
-3.4720021 -10.082903 13.421408
4.455511 5.6368592 4.4701374
-3.4578318 7.5284192 4.7552137
-0.29672556 7.8860103 1.3961242
1.3488296 7.5579602 11.485836
6.5212357 11.978548 7.3596206
-9.2251491 -3.1750828 1.2464636
3.698512 -10.707391 13.587017
11.971175 4.9636411 20.434976
